4294967278,48
4294967278,47
4294967279,397
4294967279,395
4294967278,51
4294967278,50
4294967278,49
4294967278,325
4294967279,394
4294967278,324
4294967278,323
4294967278,373
4294967279,391
4294967278,300
4294967279,301
4294967278,167
4294967278,52
4294967278,54
4294967279,299
4294967278,53
4294967278,58
4294967278,57
4294967278,56
4294967278,55
4294967279,388
4294967279,387
4294967279,386
4294967279,385
4294967279,296
4294967279,295
4294967279,294
4294967279,457
4294967279,314
4294967278,62
4294967278,61
4294967278,60
4294967278,59
4294967279,313
4294967279,312
4294967279,278
4294967279,456
4294967279,410
4294967279,276
4294967279,134
4294967279,308
4294967279,307
4294967279,306
4294967279,305
4294967279,289
4294967279,283
4294967278,409
4294967279,282
4294967279,86
4294967279,85
4294967279,288
4294967279,268
4294967279,304
4294967279,286
4294967279,455
4294967279,302
4294967279,83
4294967279,81
4294967279,80
4294967279,285
4294967279,437
4294967279,261
4294967279,275
4294967279,258
4294967279,79
4294967279,77
4294967279,76
4294967279,74
4294967279,73
4294967278,369
4294967278,368
4294967278,381
4294967278,256
4294967278,380
4294967278,393
4294967279,71
4294967279,70
4294967278,408
4294967278,364
4294967278,254
4294967278,363
4294967278,387
4294967278,251
4294967278,249
4294967278,247
4294967278,245
4294967278,396
4294967279,65
4294967279,64
4294967278,397
4294967278,239
4294967278,237
4294967278,361
4294967278,235
4294967278,232
4294967279,63
4294967279,62
4294967279,60
4294967278,231
4294967278,229
4294967278,227
4294967278,225
4294967278,222
4294967279,59
4294967279,57
4294967279,56
4294967278,221
4294967278,217
4294967278,360
4294967279,54
4294967279,52
4294967279,51
4294967279,49
4294967279,48
4294967279,46
4294967279,45
4294967279,43
4294967279,42
4294967279,40
4294967278,359
4294967278,358
4294967278,357
4294967278,209
4294967278,355
4294967278,207
4294967278,353
4294967278,352
4294967278,407
4294967278,203
4294967279,416
4294967278,349
4294967278,201
4294967278,347
4294967279,413
4294967278,345
4294967279,200
4294967278,344
4294967278,391
4294967279,409
4294967278,343
4294967279,38
4294967279,37
4294967279,35
4294967279,34
4294967279,32
4294967279,31
4294967279,29
4294967279,28
4294967278,342
4294967279,407
4294967278,341
4294967278,395
4294967279,194
4294967278,390
72,2
72,5
4294967278,389
4294967278,375
4294967278,374
72,6
72,4
4294967278,340
4294967279,26
4294967279,24
4294967279,23
4294967279,21
4294967279,20
4294967279,18
4294967279,17
4294967279,16
4294967279,15
4294967279,14
4294967279,13
4294967279,11
4294967279,10
4294967278,338
4294967278,337
4294967279,404
4294967278,336
4294967278,183
4294967294,1087
4294967294,89
4294967294,1420
4294967294,161
4294967294,1153
4294967294,185
4294967278,182
4294967278,334
4294967278,181
4294967278,332
4294967278,179
4294967278,178
103,5
4294967279,179
103,4
4294967278,177
103,3
103,2
103,1
4294967278,406
4294967279,175
102,5
102,4
102,3
102,2
102,1
4294967279,392
4294967294,419
4294967294,1246
4294967294,1245
4294967294,29
4294967294,40
4294967294,37
4294967294,36
4294967278,260
4294967279,0
4294967279,260
4294967294,426
4294967294,39
4294967294,42
4294967279,300
4294967294,43
4294967294,392
4294967294,389
4294967294,430
4294967294,393
4294967279,164
101,5
101,4
101,3
101,2
101,1
4294967279,157
4294967294,51
4294967294,417
4294967294,76
4294967294,52
4294967279,384
4294967294,81
4294967294,50
4294967294,83
4294967294,1163
4294967294,82
4294967294,92
4294967294,91
4294967294,88
4294967294,87
4294967294,85
4294967294,84
4294967278,405
4294967278,346
4294967278,0
4294967279,152
4294967279,317
4294967279,149
100,5
100,4
100,3
100,2
100,1
4294967279,315
4294967279,144
99,5
99,4
4294967279,143
99,2
99,1
0,7
4294967294,96
4294967294,94
4294967279,141
4294967279,310
4294967294,8
4294967294,1
4294967294,1243
4294967294,1160
4294967294,5
4294967294,1422
4294967294,1068
4294967294,1072
4294967294,186
4294967294,46
4294967294,1425
0,5
4294967294,7
4294967294,6
4294967294,22
4294967294,9
91,3
4294967294,2
4294967294,0
4294967294,481
4294967294,90
4294967294,86
4294967294,1086
4294967294,28
4294967294,27
4294967294,53
4294967294,45
4294967294,438
4294967294,44
4294967294,38
4294967294,1166
4294967278,132
4294967278,131
4294967278,130
4294967278,129
4294967278,128
4294967278,127
4294967278,126
4294967278,125
4294967278,124
4294967278,123
4294967278,122
4294967278,121
4294967278,120
